       7
2 4 5 1 3
      10
2 1 5 3 4
       8
5 4 3 2 1
       5
1 2 5 3 4
       6
3 5 1 2 4
       9
5 2 4 1 3
       8
4 5 1 3 2
      10
2 1 4 3 5
      11
2 1 3 5 4
       9
5 2 4 1 3
      12
2 5 1 4 3
       8
4 1 5 2 3
      11
2 3 5 1 4
      11
2 4 3 1 5
      10
2 1 5 3 4
       4
5 2 3 4 1
      11
2 5 3 4 1
      10
3 1 4 5 2
       7
2 4 5 1 3
       4
1 4 5 2 3
      13
2 4 5 3 1
       9
3 4 2 5 1
       4
2 3 4 5 1
       6
5 1 4 2 3
       1
5 1 2 3 4
       9
3 5 2 1 4
       7
4 5 3 1 2
       5
1 2 4 3 5
      12
2 3 5 4 1
       9
3 5 2 1 4
      11
2 3 5 1 4
       2
4 5 1 2 3
       6
4 2 3 5 1
       9
5 3 2 4 1
      10
3 1 4 2 5
       8
5 2 3 1 4
       5
5 3 4 1 2
       7
3 1 2 4 5
       4
5 2 3 4 1
       6
3 5 1 2 4
       4
1 4 5 2 3
       7
1 3 2 4 5
      10
5 3 1 4 2
       8
4 1 3 2 5
      12
3 2 5 4 1
      10
4 3 1 5 2
      12
2 3 5 4 1
       8
4 5 3 2 1
       8
5 4 1 3 2
